期待値のみ　100回×10セット
累計
total:[1013, 977, 942, 1014, 953, 955, 965, 1010, 1069, 962]
アウト回数:[17, 17, 20, 15, 20, 19, 18, 15, 12, 16]
平均:[10.13, 9.77, 9.42, 10.14, 9.53, 9.55, 9.65, 10.1, 10.69, 9.62]
アウト除いた平均:[12.204819277108435, 11.771084337349398, 11.775, 11.929411764705883, 11.9125, 11.790123456790123, 11.768292682926829, 11.882352941176471, 12.147727272727273, 11.452380952380953]



累計
total:[964, 1048, 954, 967, 984, 1018, 1000, 947, 1072, 967]
アウト回数:[21, 12, 21, 19, 17, 15, 16, 21, 11, 18]
平均:[9.64, 10.48, 9.54, 9.67, 9.84, 10.18, 10.0, 9.47, 10.72, 9.67]
アウト除いた平均:[12.203, 11.909, 12.076, 11.938, 11.855, 11.976, 11.905, 11.987, 12.045, 11.793]

1万回
累計
total:[97923, 98154, 98088, 97965, 97635, 98639, 97684, 97690, 98460, 98715]
アウト回数:[1795, 1774, 1766, 1774, 1816, 1726, 1812, 1817, 1750, 1725]
平均:[9.7923, 9.8154, 9.8088, 9.7965, 9.7635, 9.8639, 9.7684, 9.769, 9.846, 9.8715]
アウト除いた平均:[11.935, 11.932, 11.913, 11.909, 11.93, 11.922, 11.93, 11.938, 11.935, 11.929]


累計　0.1
total:[99256, 99069, 99323, 98749, 98600, 98969, 98437, 98732, 99333, 98889]
アウト回数:[1046, 1043, 1023, 1079, 1081, 1066, 1092, 1074, 1048, 1069]
平均:[9.9256, 9.9069, 9.9323, 9.8749, 9.86, 9.8969, 9.8437, 9.8732, 9.9333, 9.8889]
アウト除いた平均:[11.085, 11.061, 11.064, 11.069, 11.055, 11.078, 11.05, 11.061, 11.096, 11.073]


累計 -0.1
total:[97207]
アウト回数:[2004]
平均:[9.7207]
アウト除いた平均:[12.157]
Eキーで終了します


累計 -0.2
total:[95236]
アウト回数:[2430]
平均:[9.5236]
アウト除いた平均:[12.581]

累計 0.2
total:[95660]
アウト回数:[331]
平均:[9.566]
アウト除いた平均:[9.893]



（リーチしてる穴の数）＾２＊今のポイント/まだ出てない番号